index,type,start_time,duration
0,CL,0,500
1,QC,500,500000
2,QL,500500,15000
3,QC,515500,500000
4,QL,1015500,15000
5,QC,1030500,500000
6,QL,1530500,15000
7,QC,1545500,500000
8,QL,2045500,15000
9,QC,2060500,500000
10,QL,2560500,15000
11,CL,2575500,2500
12,CC,2578000,100000
13,CC,2678000,100000
14,CC,2778000,100000
15,CC,2878000,100000
16,CC,2978000,100000
17,CL,3078000,5000
18,CL,3083000,500
19,QC,3083500,500000
20,QL,3583500,15000
21,QC,3598500,500000
22,QL,4098500,15000
23,QC,4113500,500000
24,QL,4613500,15000
25,QC,4628500,500000
26,QL,5128500,15000
27,QC,5143500,500000
28,QL,5643500,15000
29,CL,5658500,2500
30,CC,5661000,100000
31,CC,5761000,100000
32,CC,5861000,100000
33,CC,5961000,100000
34,CC,6061000,100000
35,CL,6161000,5000
36,CL,6166000,500
37,QC,6166500,500000
38,QL,6666500,15000
39,QC,6681500,500000
40,QL,7181500,15000
41,QC,7196500,500000
42,QL,7696500,15000
43,QC,7711500,500000
44,QL,8211500,15000
45,QC,8226500,500000
46,QL,8726500,15000
47,CL,8741500,2500
48,CC,8744000,100000
49,CC,8844000,100000
50,CC,8944000,100000
51,CC,9044000,100000
52,CC,9144000,100000
53,CL,9244000,5000
54,CL,9249000,500
55,QC,9249500,500000
56,QL,9749500,15000
57,QC,9764500,500000
58,QL,10264500,15000
59,QC,10279500,500000
60,QL,10779500,15000
61,QC,10794500,500000
62,QL,11294500,15000
63,QC,11309500,500000
64,QL,11809500,15000
65,CL,11824500,2500
66,CC,11827000,100000
67,CC,11927000,100000
68,CC,12027000,100000
69,CC,12127000,100000
70,CC,12227000,100000
71,CL,12327000,5000
72,CL,12332000,500
73,QC,12332500,500000
74,QL,12832500,15000
75,QC,12847500,500000
76,QL,13347500,15000
77,QC,13362500,500000
78,QL,13862500,15000
79,QC,13877500,500000
80,QL,14377500,15000
81,QC,14392500,500000
82,QL,14892500,15000
83,CL,14907500,2500
84,CC,14910000,100000
85,CC,15010000,100000
86,CC,15110000,100000
87,CC,15210000,100000
88,CC,15310000,100000
89,CL,15410000,5000
90,CL,15415000,500
91,QC,15415500,500000
92,QL,15915500,15000
93,QC,15930500,500000
94,QL,16430500,15000
95,QC,16445500,500000
96,QL,16945500,15000
97,QC,16960500,500000
98,QL,17460500,15000
99,QC,17475500,500000
100,QL,17975500,15000
101,CL,17990500,2500
102,CC,17993000,100000
103,CC,18093000,100000
104,CC,18193000,100000
105,CC,18293000,100000
106,CC,18393000,100000
107,CL,18493000,5000
108,CL,18498000,500
109,QC,18498500,500000
110,QL,18998500,15000
111,QC,19013500,500000
112,QL,19513500,15000
113,QC,19528500,500000
114,QL,20028500,15000
115,QC,20043500,500000
116,QL,20543500,15000
117,QC,20558500,500000
118,QL,21058500,15000
119,CL,21073500,2500
120,CC,21076000,100000
121,CC,21176000,100000
122,CC,21276000,100000
123,CC,21376000,100000
124,CC,21476000,100000
125,CL,21576000,5000
126,CL,21581000,500
127,QC,21581500,500000
128,QL,22081500,15000
129,QC,22096500,500000
130,QL,22596500,15000
131,QC,22611500,500000
132,QL,23111500,15000
133,QC,23126500,500000
134,QL,23626500,15000
135,QC,23641500,500000
136,QL,24141500,15000
137,CL,24156500,2500
138,CC,24159000,100000
139,CC,24259000,100000
140,CC,24359000,100000
141,CC,24459000,100000
142,CC,24559000,100000
143,CL,24659000,5000
144,CL,24664000,500
145,QC,24664500,500000
146,QL,25164500,15000
147,QC,25179500,500000
148,QL,25679500,15000
149,QC,25694500,500000
150,QL,26194500,15000
151,QC,26209500,500000
152,QL,26709500,15000
153,QC,26724500,500000
154,QL,27224500,15000
155,CL,27239500,2500
156,CC,27242000,100000
157,CC,27342000,100000
158,CC,27442000,100000
159,CC,27542000,100000
160,CC,27642000,100000
161,CL,27742000,5000
162,CL,27747000,500
163,QC,27747500,500000
164,QL,28247500,15000
165,QC,28262500,500000
166,QL,28762500,15000
167,QC,28777500,500000
168,QL,29277500,15000
169,QC,29292500,500000
170,QL,29792500,15000
171,QC,29807500,500000
172,QL,30307500,15000
173,CL,30322500,2500
174,CC,30325000,100000
175,CC,30425000,100000
176,CC,30525000,100000
177,CC,30625000,100000
178,CC,30725000,100000
179,CL,30825000,5000
180,CL,30830000,500
181,QC,30830500,500000
182,QL,31330500,15000
183,QC,31345500,500000
184,QL,31845500,15000
185,QC,31860500,500000
186,QL,32360500,15000
187,QC,32375500,500000
188,QL,32875500,15000
189,QC,32890500,500000
190,QL,33390500,15000
191,CL,33405500,2500
192,CC,33408000,100000
193,CC,33508000,100000
194,CC,33608000,100000
195,CC,33708000,100000
196,CC,33808000,100000
197,CL,33908000,5000
198,CL,33913000,500
199,QC,33913500,500000
200,QL,34413500,15000
201,QC,34428500,500000
202,QL,34928500,15000
203,QC,34943500,500000
204,QL,35443500,15000
205,QC,35458500,500000
206,QL,35958500,15000
207,QC,35973500,500000
208,QL,36473500,15000
209,CL,36488500,2500
210,CC,36491000,100000
211,CC,36591000,100000
212,CC,36691000,100000
213,CC,36791000,100000
214,CC,36891000,100000
215,CL,36991000,5000
216,CL,36996000,500
217,QC,36996500,500000
218,QL,37496500,15000
219,QC,37511500,500000
220,QL,38011500,15000
221,QC,38026500,500000
222,QL,38526500,15000
223,QC,38541500,500000
224,QL,39041500,15000
225,QC,39056500,500000
226,QL,39556500,15000
227,CL,39571500,2500
228,CC,39574000,100000
229,CC,39674000,100000
230,CC,39774000,100000
231,CC,39874000,100000
232,CC,39974000,100000
233,CL,40074000,5000
234,CL,40079000,500
235,QC,40079500,500000
236,QL,40579500,15000
237,QC,40594500,500000
238,QL,41094500,15000
239,QC,41109500,500000
240,QL,41609500,15000
241,QC,41624500,500000
242,QL,42124500,15000
243,QC,42139500,500000
244,QL,42639500,15000
245,CL,42654500,2500
246,CC,42657000,100000
247,CC,42757000,100000
248,CC,42857000,100000
249,CC,42957000,100000
250,CC,43057000,100000
251,CL,43157000,5000
252,CL,43162000,500
253,QC,43162500,500000
254,QL,43662500,15000
255,QC,43677500,500000
256,QL,44177500,15000
257,QC,44192500,500000
258,QL,44692500,15000
259,QC,44707500,500000
260,QL,45207500,15000
261,QC,45222500,500000
262,QL,45722500,15000
263,CL,45737500,2500
264,CC,45740000,100000
265,CC,45840000,100000
266,CC,45940000,100000
267,CC,46040000,100000
268,CC,46140000,100000
269,CL,46240000,5000
270,CL,46245000,500
271,QC,46245500,500000
272,QL,46745500,15000
273,QC,46760500,500000
274,QL,47260500,15000
275,QC,47275500,500000
276,QL,47775500,15000
277,QC,47790500,500000
278,QL,48290500,15000
279,QC,48305500,500000
280,QL,48805500,15000
281,CL,48820500,2500
282,CC,48823000,100000
283,CC,48923000,100000
284,CC,49023000,100000
285,CC,49123000,100000
286,CC,49223000,100000
287,CL,49323000,5000
288,CL,49328000,500
289,QC,49328500,500000
290,QL,49828500,15000
291,QC,49843500,500000
292,QL,50343500,15000
293,QC,50358500,500000
294,QL,50858500,15000
295,QC,50873500,500000
296,QL,51373500,15000
297,QC,51388500,500000
298,QL,51888500,15000
299,CL,51903500,2500
300,CC,51906000,100000
301,CC,52006000,100000
302,CC,52106000,100000
303,CC,52206000,100000
304,CC,52306000,100000
305,CL,52406000,5000
306,CL,52411000,500
307,QC,52411500,500000
308,QL,52911500,15000
309,QC,52926500,500000
310,QL,53426500,15000
311,QC,53441500,500000
312,QL,53941500,15000
313,QC,53956500,500000
314,QL,54456500,15000
315,QC,54471500,500000
316,QL,54971500,15000
317,CL,54986500,2500
318,CC,54989000,100000
319,CC,55089000,100000
320,CC,55189000,100000
321,CC,55289000,100000
322,CC,55389000,100000
323,CL,55489000,5000
